
Bin 1

[0.5605544223647795, 0.5605544223647795, 0.0, 0.0, 0.0, 0.0, 0.0, 0.0, 0.0, 1.4468192489631677, -1.2520338152755075, -2.7420670452220106, -1.4705573745202156, 2.7463702325777475, 0.47302033652079034, -1.187097175706295, 0.0, 0.0, 0.0, 0.0, 0.0, 0.0, 0.0, 0.0, 0.0, 0.0, 0.0]

Bin 2

[0.4007363789983349, 0.4007363789983349, 0.0, 0.0, 0.0, 0.0, 0.0, 0.0, 0.0, 1.3464256049565888, -0.7016436110873807, -2.884175231248668, -1.6316827498855255, 2.837026002740442, 0.859137962055642, -1.3075977453544478, 0.0, 0.0, 0.0, 0.0, 0.0, 0.0, 0.0, 0.0, 0.0, 0.0, 0.0]

Bin 3

[0.23893966211950973, 0.23893966211950973, 0.0, 0.0, 0.0, 0.0, 0.0, 0.0, 0.0, 1.3320441013901965, -0.39265033633686397, -2.9353981824848816, -1.2912302243981104, 2.9683857360093273, 1.4801404656269932, -1.472376993803517, 0.0, 0.0, 0.0, 0.0, 0.0, 0.0, 0.0, 0.0, 0.0, 0.0, 0.0]

Bin 4

[0.3558507862997257, 0.3558507862997257, 0.0, 0.0, 0.0, 0.0, 0.0, 0.0, 0.0, 1.3996852105133917, -1.343463922685873, -2.656393601810547, -2.1443475760680353, 2.746107799932468, -0.3220410117180552, -1.109863380474208, 0.0, 0.0, 0.0, 0.0, 0.0, 0.0, 0.0, 0.0, 0.0, 0.0, 0.0]

Bin 5

[-0.1355332640137606, -0.1355332640137606, 0.0, 0.0, 0.0, 0.0, 0.0, 0.0, 0.0, 0.16611311070155316, 1.8604975028078834, 1.6419992785071942, 2.3588316536910234, -1.7123865110905483, 1.6452079253195488, -0.9123621709396166, 0.0, 0.0, 0.0, 0.0, 0.0, 0.0, 0.0, 0.0, 0.0, 0.0, 0.0]

Bin 6

[-0.39527201411446516, -0.39527201411446516, 0.0, 0.0, 0.0, 0.0, 0.0, 0.0, 0.0, 0.26743355138728686, 1.5514025085094274, 1.12386597937404, 1.9777160026666385, -0.9730812751467105, 1.875350590881393, -1.2143660267357368, 0.0, 0.0, 0.0, 0.0, 0.0, 0.0, 0.0, 0.0, 0.0, 0.0, 0.0]

Bin 7



Bin 8



Bin 9

[-0.3690700106733874, -0.3690700106733874, 0.0, 0.0, 0.0, 0.0, 0.0, 0.0, 0.0, 1.3881227320678913, 1.1438914613236006, 1.1268430083849734, 2.2751900545476853, -0.6654174886127295, 1.7916819524811831, -2.075182890851764, 0.0, 0.0, 0.0, 0.0, 0.0, 0.0, 0.0, 0.0, 0.0, 0.0, 0.0]


Bin 10

[0.04283233672774618, 0.04283233672774618, 0.0, 0.0, 0.0, 0.0, 0.0, 0.0, 0.0, 0.944848411606495, 1.3818002598749366, -2.94298364076123, 1.9692811721284933, 2.3655047489075525, 0.291100765932598, -0.19402933426659907, 0.0, 0.0, 0.0, 0.0, 0.0, 0.0, 0.0, 0.0, 0.0, 0.0, 0.0]

Bin 11

[-0.4832982741948308, -0.4832982741948308, 0.0, 0.0, 0.0, 0.0, 0.0, 0.0, 0.0, -2.685050710553354, -0.9346841521896815, -2.68620664856921, -2.1236463471970146, -3.0826088823020537, 0.4793467861821847, 2.3173471353072914, 0.0, 0.0, 0.0, 0.0, 0.0, 0.0, 0.0, 0.0, 0.0, 0.0, 0.0]

Bin 12

[-0.3973955466520441, -0.3973955466520441, 0.0, 0.0, 0.0, 0.0, 0.0, 0.0, 0.0, 0.04721802344092341, 0.42551193342876537, 0.8968209067699624, -1.868818931722396, -3.122566961428589, 1.23416817834455, 2.2288337763154145, 0.0, 0.0, 0.0, 0.0, 0.0, 0.0, 0.0, 0.0, 0.0, 0.0, 0.0]


drop off

[-0.12815605217058476, -0.12815605217058476, 0.0, 0.0, 0.0, 0.0, 0.0, 0.0, 0.0, 2.047191452103053, 1.3336219224862689, -1.6851435010120746, -0.7074364583590782, 2.9981334643481152, 1.3309577575283984, 1.8640779712799922, 0.0, 0.0, 0.0, 0.0, 0.0, 0.0, 0.0, 0.0, 0.0, 0.0, 0.0]
